Apple News Sudoku boards

1/24/25 - challenging: 116;127;174;181;235;354;387;396;446;464;485;532;541;573;655;682;738;756;765;817;842;868;883;944;957;963
1/23/25 - challenging: 116;135;149;228;255;286;322;344;368;371;434;476;511;523;536;558;562;595;612;681;775;782;824;833;859;984
1/22/25 - challenging: 112;121;228;234;261;325;353;389;432;457;495;624;637;643;655;714;749;818;839;882;893;951;977
1/21/25 - challenging: 128;144;165;177;286;371;394;416;431;454;482;529;532;561;595;649;667;741;769;787;796;822;847;878
1/20/25 - challenging: 121;149;168;177;218;293;329;465;517;523;542;566;578;599;622;648;657;676;685;741;795;812;836;939;986
1/19/25 - challenging: 187;195;218;237;276;319;391;434;441;475;488;527;532;548;564;596;645;667;784;838;842;916;921;979

sudoku.com
extreme - 141;168;172;185;215;279;294;354;414;461;483;528;559;577;617;644;719;722;751;838;856;975;986 - remains unsolved; missing "locked candidate form 1"
extreme - 136;153;164;185;192;221;267;374;432;455;488;493;599;616;642;738;779;854;876;917;963;984;998
extreme - 116;141;157;195;254;282;378;389;423;437;448;492;515;561;599;632;735;752;764;851;876;917;943 - unsolved; apparently due to missing "sashimi" analysis
master -  111;134;157;199;237;269;275;312;345;361;393;422;449;464;483;538;567;635;663;677;698;762;794;826;833;865;918;959
